-800	1.4661863096645195e-120
-796	0.
-792	5.864745238658077e-118
-788	1.1729490477316155e-117
-784	1.199340401305577e-115
-780	4.762173133790359e-115
-776	1.7186049447363632e-113
-772	9.883855150710458e-113
-768	1.9797856558133927e-111
-764	1.4105939203676604e-110
-760	1.968350864092523e-109
-756	1.568442542632401e-108
-752	1.7489901704641913e-107
-748	1.4562116624631464e-106
-744	1.4114425713577573e-105
-740	1.1785846024999821e-104
-736	1.0434566091426508e-103
-732	8.552601260678571e-103
-728	7.114640004512944e-102
-724	5.671377165272153e-101
-720	4.503683068411538e-100
-716	3.4825559846988615e-99
-712	2.664147939248472e-98
-708	1.999569766714566e-97
-704	1.4818687981649229e-96
-700	1.0815107927459561e-95
-696	7.794080074493916e-95
-692	5.543319213029619e-94
-688	3.895798876382191e-93
-684	2.7058738174361094e-92
-680	1.858745320332578e-91
-676	1.2632333585791856e-90
-672	8.49809997530454e-90
-668	5.661072892055842e-89
-664	3.735891125986999e-88
-660	2.4432303646250196e-87
-656	1.5840343180968582e-86
-652	1.0184459065996226e-85
-648	6.495652042909877e-85
-644	4.111018323122759e-84
-640	2.582515669233256e-83
-636	1.610729522258231e-82
-632	9.977062819343907e-82
-628	6.138933337639546e-81
-624	3.753175209479413e-80
-620	2.280459219465189e-79
-616	1.377405563110264e-78
-612	8.272045512589829e-78
-608	4.9404716309856975e-77
-604	2.93507227090891e-76
-600	1.7348121056805547e-75
-596	1.0203654996835889e-74
-592	5.973286746415097e-74
-588	3.481032167442267e-73
-584	2.0198573987231074e-72
-580	1.1671595730702661e-71
-576	6.717583559238625e-71
-572	3.85161470029528e-70
-568	2.2003393106417305e-69
-564	1.252620449511728e-68
-560	7.107113637387228e-68
-556	4.019442766559529e-67
-552	2.2661317581445515e-66
-548	1.2737700348625045e-65
-544	7.13861986585755e-65
-540	3.98910684550378e-64
-536	2.2227230081394622e-63
-532	1.2349291048910312e-62
-528	6.8412073552103305e-62
-524	3.778616084879565e-61
-520	2.0806818677881157e-60
-516	1.1420994422047169e-59
-512	6.248408479370263e-59
-508	3.4067049381167e-58
-504	1.85064496538591e-57
-500	1.001501906325402e-56
-496	5.397978361463143e-56
-492	2.8971241650775043e-55
-488	1.547968766133319e-54
-484	8.232214588820229e-54
-480	4.356420013412856e-53
-476	2.293508740166844e-52
-472	1.2009594759273677e-51
-468	6.253378089858378e-51
-464	3.23714692537964e-50
-460	1.6656236406435388e-49
-456	8.516596534078635e-49
-452	4.3265409585418206e-48
-448	2.1833072173191755e-47
-444	1.094220475518888e-46
-440	5.445406900606631e-46
-436	2.6903804381735965e-45
-432	1.3194104285229533e-44
-428	6.421795491728165e-44
-424	3.1015098523166477e-43
-420	1.4861474574764896e-42
-416	7.064094673436575e-42
-412	3.330370420533172e-41
-408	1.557066194900429e-40
-404	7.218360245119945e-40
-400	3.317619568451429e-39
-396	1.5115127004794295e-38
-392	6.82551931619177e-38
-388	3.0545026728633164e-37
-384	1.3544689756610917e-36
-380	5.950653782017606e-36
-376	2.5898290102930605e-35
-372	1.116432081906361e-34
-368	4.7664229608512375e-34
-364	2.015098600060098e-33
-360	8.435056034811896e-33
-356	3.495522692939159e-32
-352	1.4338816129540128e-31
-348	5.821514347637964e-31
-344	2.3389695682777652e-30
-340	9.298725062176351e-30
-336	3.657435425772523e-29
-332	1.42307698421805e-28
-328	5.476744387910257e-28
-324	2.0845033939088404e-27
-320	7.845349982255126e-27
-316	2.9194090490886774e-26
-312	1.0739736369370136e-25
-308	3.9052717763857555e-25
-304	1.4034941160962912e-24
-300	4.984414290471111e-24
-296	1.7490578437486392e-23
-292	6.063491974132713e-23
-288	2.076404293655296e-22
-284	7.022846576204115e-22
-280	2.345676218679353e-21
-276	7.73602455931462e-21
-272	2.518857381765558e-20
-268	8.095919131694623e-20
-264	2.568303149418933e-19
-260	8.040526044612206e-19
-256	2.4838252734475706e-18
-252	7.57000561167242e-18
-248	2.2758831913452245e-17
-244	6.748732658288662e-17
-240	1.9735708349231035e-16
-236	5.690901617940798e-16
-232	1.617881915578621e-15
-228	4.5340820084003874e-15
-224	1.252414460855485e-14
-220	3.409276376819394e-14
-216	9.14473265193439e-14
-212	2.416649648514028e-13
-208	6.291141452686427e-13
-204	1.6130859073524446e-12
-200	4.073212652342949e-12
-196	1.0127622884162906e-11
-192	2.4791808250772688e-11
-188	5.974184626784417e-11
-184	1.4169628899793712e-10
-180	3.307406161962835e-10
-176	7.596364999841529e-10
-172	1.716538738764913e-9
-168	3.815675284647597e-9
-164	8.342573708086538e-9
-160	1.793827637172784e-8
-156	3.792756300297597e-8
-152	7.88432854544895e-8
-148	1.6112112299556022e-7
-144	3.236392565456808e-7
-140	6.389021803922847e-7
-136	1.2394132200381737e-6
-132	2.3623880024523956e-6
-128	4.423694828101892e-6
-124	8.136996886171523e-6
-120	0.00001470060618739007
-116	0.000026082327780774117
-112	0.00004544083401089059
-108	0.00007772932315398506
-104	0.00013053079035633345
-100	0.00021517037427600194
-96	0.00034813404737747146
-92	0.0005527889372159325
-88	0.0008613439034557287
-84	0.0013169070830936832
-80	0.0019753920261927904
-76	0.00290690495082911
-72	0.004196130741795592
-68	0.0059411522223466505
-64	0.008250120861113023
-60	0.01123528423793966
-56	0.015004096199301301
-52	0.0196475016465365
-48	0.025225982265252793
-44	0.03175451849876756
-40	0.03918817578164493
-36	0.047410440936308994
-32	0.05622659193967623
-28	0.06536417692680227
-24	0.07448205551494039
-20	0.08318844561362428
-16	0.09106714052641426
-12	0.09770971357751095
-8	0.1027503579557687
-4	0.10589926296942953
0	0.1069702903080502